Echoes of an Offering Set (Atk Hydro Crit)
!give 98544 10001 501054,1 501064,1 501204,1 501224,6 lv20
!give 98524 10003 501064,1 501244,1 501204,1 501224,6 lv20
!give 98554 10004 501054,1 501244,1 501204,1 501224,6 lv20
!give 98514 15011 501054,1 501064,1 501204,1 501224,6 lv20
!give 98534 30950 501054,1 501064,1 501244,1 501204,6 lv20
!give 98534 30960 501054,1 501064,1 501244,1 501224,6 lv20

!give 98544 10001 501054,1 501064,1 501204,6 501224,1 lv20
!give 98524 10003 501064,1 501244,1 501204,6 501224,1 lv20
!give 98554 10004 501054,1 501244,1 501204,6 501224,1 lv20
!give 98514 15011 501054,1 501064,1 501204,6 501224,1 lv20

Vermillion Hereafter Set (Atk Anemo Crit)
!give 97544 10001 501054,1 501064,1 501204,1 501224,6 lv20
!give 97524 10003 501064,1 501244,1 501204,1 501224,6 lv20
!give 97554 10004 501054,1 501244,1 501204,1 501224,6 lv20
!give 97514 15012 501054,1 501064,1 501204,1 501224,6 lv20
!give 97534 30950 501054,1 501064,1 501244,1 501204,6 lv20
!give 97534 30960 501054,1 501064,1 501244,1 501224,6 lv20

!give 97544 10001 501054,1 501064,1 501204,6 501224,1 lv20
!give 97524 10003 501064,1 501244,1 501204,6 501224,1 lv20
!give 97554 10004 501054,1 501244,1 501204,6 501224,1 lv20
!give 97514 15012 501054,1 501064,1 501204,6 501224,1 lv20

Viridecent Venerer Set (Atk Anemo Crit)
!give 24654 10001 501054,1 501064,1 501204,1 501224,6 lv20
!give 24652 10003 501064,1 501244,1 501204,1 501224,6 lv20
!give 24655 10004 501054,1 501244,1 501204,1 501224,6 lv20
!give 24651 15012 501054,1 501064,1 501204,1 501224,6 lv20
!give 24653 30950 501054,1 501064,1 501244,1 501204,6 lv20
!give 24653 30960 501054,1 501064,1 501244,1 501224,6 lv20

!give 24654 10001 501054,1 501064,1 501204,6 501224,1 lv20
!give 24652 10003 501064,1 501244,1 501204,6 501224,1 lv20
!give 24655 10004 501054,1 501244,1 501204,6 501224,1 lv20
!give 24651 15012 501054,1 501064,1 501204,6 501224,1 lv20

Viridecent Venerer Set (Full EM)
!give 24654 10001 501064,1 501244,6 501204,1 501224,1 lv20
!give 24652 10003 501064,1 501244,6 501204,1 501224,1 lv20
!give 24655 10008 501054,1 501064,1 501204,6 501224,1 lv20
!give 24651 10008 501054,1 501064,1 501204,6 501224,1 lv20
!give 24653 10008 501054,1 501064,1 501204,6 501224,1 lv20

!give 24654 10001 501064,1 501244,6 501204,1 501224,1 lv20
!give 24652 10003 501064,1 501244,6 501204,1 501224,1 lv20
!give 24655 10008 501054,1 501064,1 501204,1 501224,6 lv20
!give 24651 10008 501054,1 501064,1 501204,1 501224,6 lv20
!give 24653 10008 501054,1 501064,1 501204,1 501224,6 lv20

Emblem Set (ER Electro Crit)
!give 94544 10001 501054,1 501064,1 501204,1 501224,6 lv20
!give 94524 10003 501064,1 501234,1 501204,1 501224,6 lv20
!give 94554 10007 501054,1 501064,1 501204,1 501224,6 lv20
!give 94514 15009 501054,1 501064,1 501204,1 501224,6 lv20
!give 94534 30950 501054,1 501064,1 501234,1 501204,6 lv20
!give 94534 30960 501054,1 501064,1 501234,1 501224,6 lv20

!give 94544 10001 501054,1 501064,1 501204,6 501224,1 lv20
!give 94524 10003 501064,1 501234,1 501204,6 501224,1 lv20
!give 94554 10007 501054,1 501064,1 501204,6 501224,1 lv20
!give 94514 15009 501054,1 501064,1 501204,6 501224,1 lv20

Emblem Set (Atk Pyro Crit)
!give 94544 10001 501244,1 501064,1 501204,1 501224,6 lv20
!give 94524 10003 501064,1 501244,1 501204,1 501224,6 lv20
!give 94554 10004 501054,1 501244,1 501204,1 501224,6 lv20
!give 94514 15008 501244,1 501064,1 501204,1 501224,6 lv20
!give 94534 30950 501054,1 501064,1 501244,1 501204,6 lv20
!give 94534 30960 501054,1 501064,1 501244,1 501224,6 lv20

!give 94544 10001 501244,1 501064,1 501204,6 501224,1 lv20
!give 94524 10003 501064,1 501244,1 501204,6 501224,1 lv20
!give 94554 10004 501054,1 501244,1 501204,6 501224,1 lv20
!give 94514 15008 501244,1 501064,1 501204,6 501224,1 lv20

Emblem Set (HP Hydro Crit)
!give 94544 10001 501244,1 501034,1 501204,1 501224,6 lv20
!give 94524 10003 501024,1 501034,1 501204,1 501224,6 lv20
!give 94554 10002 501024,1 501244,1 501204,1 501224,6 lv20
!give 94514 15011 501024,1 501034,1 501204,1 501224,6 lv20
!give 94534 30950 501024,1 501034,1 501244,1 501204,6 lv20
!give 94534 30960 501024,1 501034,1 501244,1 501224,6 lv20

!give 94544 10001 501244,1 501034,1 501204,6 501224,1 lv20
!give 94524 10003 501024,1 501034,1 501204,6 501224,1 lv20
!give 94554 10002 501024,1 501244,1 501204,6 501224,1 lv20
!give 94514 15011 501024,1 501034,1 501204,6 501224,1 lv20

Husk of Opulent Dreams Set (Def Geo Crit)
!give 95544 10001 501084,1 501094,1 501204,1 501224,6 lv20
!give 95524 10003 501084,1 501094,1 501204,1 501224,6 lv20
!give 95554 13006 501084,1 501064,1 501204,1 501224,6 lv20
!give 95514 15013 501084,1 501094,1 501204,1 501224,6 lv20
!give 95534 30960 501084,1 501094,1 501064,1 501224,6 lv20
!give 95544 10001 501084,1 501094,1 501204,6 501224,1 lv20
!give 95524 10003 501084,1 501094,1 501204,6 501224,1 lv20
!give 95554 13006 501084,1 501064,1 501204,6 501224,1 lv20
!give 95514 15013 501084,1 501094,1 501204,6 501224,1 lv20

Husk of Opulent Dreams Set (Full Def)
!give 95544 10001 501084,1 501094,6 501204,1 501224,1 lv20
!give 95524 10003 501084,1 501094,6 501204,1 501224,1 lv20
!give 95554 10970 501084,6 501064,1 501204,1 501224,1 lv20
!give 95514 10970 501084,6 501064,1 501204,1 501224,1 lv20
!give 95534 10970 501084,6 501064,1 501204,1 501224,1 lv20

Pale Flame Set (Atk Phys Crit)
!give 92544 10001 501054,1 501064,1 501204,1 501224,6 lv20
!give 92524 10003 501064,1 501244,1 501204,1 501224,6 lv20
!give 92554 10004 501054,1 501244,1 501204,1 501224,6 lv20
!give 92514 15015 501054,1 501064,1 501204,1 501224,6 lv20
!give 92534 30950 501054,1 501064,1 501244,1 501204,6 lv20
!give 92534 30960 501054,1 501064,1 501244,1 501224,6 lv20

!give 92544 10001 501054,1 501064,1 501204,6 501224,1 lv20
!give 92524 10003 501064,1 501244,1 501204,6 501224,1 lv20
!give 92554 10004 501054,1 501244,1 501204,6 501224,1 lv20
!give 92514 15015 501054,1 501064,1 501204,6 501224,1 lv20

Bloodstained Chivalry Set (Atk Phys Crit)
!give 82544 10001 501054,1 501064,1 501204,1 501224,6 lv20
!give 82524 10003 501064,1 501244,1 501204,1 501224,6 lv20
!give 82554 10004 501054,1 501244,1 501204,1 501224,6 lv20
!give 82514 15015 501054,1 501064,1 501204,1 501224,6 lv20
!give 82534 30950 501054,1 501064,1 501244,1 501204,6 lv20
!give 82534 30960 501054,1 501064,1 501244,1 501224,6 lv20

!give 82544 10001 501054,1 501064,1 501204,6 501224,1 lv20
!give 82524 10003 501064,1 501244,1 501204,6 501224,1 lv20
!give 82554 10004 501054,1 501244,1 501204,6 501224,1 lv20
!give 82514 15015 501054,1 501064,1 501204,6 501224,1 lv20

Thundering Fury Set (Atk Electro Crit)
!give 23374 10001 501054,1 501064,1 501204,1 501224,6 lv20
!give 23372 10003 501064,1 501244,1 501204,1 501224,6 lv20
!give 23375 10004 501054,1 501244,1 501204,1 501224,6 lv20
!give 23371 15009 501054,1 501064,1 501204,1 501224,6 lv20
!give 23373 30950 501054,1 501064,1 501244,1 501204,6 lv20
!give 23373 30960 501054,1 501064,1 501244,1 501224,6 lv20

!give 23374 10001 501054,1 501064,1 501204,6 501224,1 lv20
!give 23372 10003 501064,1 501244,1 501204,6 501224,1 lv20
!give 23375 10004 501054,1 501244,1 501204,6 501224,1 lv20
!give 23371 15009 501054,1 501064,1 501204,6 501224,1 lv20

Thundering Fury Set (Atk Electro Crit)
!give 23374 10001 501054,1 501064,1 501204,1 501224,6 lv20
!give 23372 10003 501064,1 501244,1 501204,1 501224,6 lv20
!give 23375 10004 501054,1 501244,1 501204,1 501224,6 lv20
!give 23371 15009 501054,1 501064,1 501204,1 501224,6 lv20
!give 23373 30950 501054,1 501064,1 501244,1 501204,6 lv20
!give 23373 30960 501054,1 501064,1 501244,1 501224,6 lv20

!give 23374 10001 501054,1 501064,1 501204,6 501224,1 lv20
!give 23372 10003 501064,1 501244,1 501204,6 501224,1 lv20
!give 23375 10004 501054,1 501244,1 501204,6 501224,1 lv20
!give 23371 15009 501054,1 501064,1 501204,6 501224,1 lv20

Thundering Fury Set (EM Electro Crit)
/give 23374 lv20 10001 501064 501244 501204 501224,6
/give 23372 lv20 10004 501064 501244 501204 501224,6
/give 23375 lv20 10008 501064 501234 501204 501224,6
/give 23371 lv20 15009 501064 501244 501204 501224,6
/give 23373 lv20 13008 501064 501244 501234 501204,6

/give 23374 lv20 10001 501064 501244 501204,6 501224
/give 23372 lv20 10004 501064 501244 501204,6 501224
/give 23375 lv20 10008 501064 501234 501204,6 501224
/give 23371 lv20 15009 501064 501244 501204,6 501224
/give 23373 lv20 13008 501064 501244 501234 501204,6


Tenacity of the Millelith (ATK Geo Crit)
!give 91544 10001 501054,1 501064,1 501204,1 501224,6 lv20
!give 91524 10003 501064,1 501244,1 501204,1 501224,6 lv20
!give 91554 10004 501054,1 501244,1 501204,1 501224,6 lv20
!give 91514 15013 501054,1 501064,1 501204,1 501224,6 lv20
!give 91534 30950 501054,1 501064,1 501204,1 501224,6 lv20
!give 91534 30960 501054,1 501064,1 501204,1 501224,6 lv20

!give 91544 10001 501054,1 501064,1 501204,6 501224,1 lv20
!give 91524 10003 501064,1 501244,1 501204,6 501224,1 lv20
!give 91554 10004 501054,1 501244,1 501204,6 501224,1 lv20
!give 91514 15013 501054,1 501064,1 501204,6 501224,1 lv20

Tenacity of the Millelith (Full HP)
!give 91544 10001 501024,1 501034,6 501204,1 501224,1 lv20
!give 91524 10003 501024,1 501034,6 501204,1 501224,1 lv20
!give 91554 10002 501024,6 501064,1 501204,1 501224,1 lv20
!give 91514 10002 501024,6 501064,1 501204,1 501224,1 lv20
!give 91534 10002 501024,6 501064,1 501204,1 501224,1 lv20

Tenacity of the Millelith (Full EM)
!give 91544 10001 501034,6 501024,1 501204,1 501224,1 lv20 
!give 91524 10003 501034,6 501024,1 501204,1 501224,1 lv20 
!give 91554 10008 501054,1 501024,6 501204,1 501224,1 lv20
!give 91514 10008 501054,1 501024,6 501204,1 501224,1 lv20
!give 91534 10008 501054,1 501024,6 501204,1 501224,1 lv20


Blizzard Strayer Set (Atk Cryo Crit)
!give 23454 10001 501054,1 501064,1 501204,1 501224,6 lv20
!give 23452 10003 501064,1 501244,1 501204,1 501224,6 lv20
!give 23455 10004 501054,1 501244,1 501204,1 501224,6 lv20
!give 23451 15010 501054,1 501064,1 501204,1 501224,6 lv20
!give 23453 30950 501054,1 501064,1 501244,1 501204,6 lv20
!give 23453 30960 501054,1 501064,1 501244,0 501224,6 lv20

!give 23454 10001 501054,1 501064,1 501204,6 501224,1 lv20
!give 23452 10003 501064,1 501244,1 501204,6 501224,1 lv20
!give 23455 10004 501054,1 501244,1 501204,6 501224,1 lv20
!give 23451 15010 501054,1 501064,1 501204,6 501224,1 lv20

Heart of Depth (Atk Hydro Crit)
!give 23534 10001 501054,1 501064,1 501204,1 501224,6 lv20
!give 23532 10003 501064,1 501244,1 501204,1 501224,6 lv20
!give 23535 10004 501054,1 501244,1 501204,1 501224,6 lv20
!give 23531 15011 501054,1 501064,1 501204,1 501224,6 lv20
!give 23533 30950 501054,1 501064,1 501244,1 501204,6 lv20
!give 23533 30960 501054,1 501064,1 501244,1 501224,6 lv20

!give 23534 10001 501054,1 501064,1 501204,6 501224,1 lv20
!give 23532 10003 501064,1 501244,1 501204,6 501224,1 lv20
!give 23535 10004 501054,1 501244,1 501204,6 501224,1 lv20
!give 23531 15011 501054,1 501064,1 501204,6 501224,1 lv20

Heart of Depth (Full HP With Hydro Goblet 4 Kokomi)
!give 90544 10001 501054,1 501064,1 501244,1 501034,6 lv20
!give 90524 10003 501064,1 501244,1 501024,1 501034,6 lv20
!give 90554 10002 501054,1 501064,1 501244,1 501024,6 lv20
!give 90514 15011 501054,1 501064,1 501244,1 501034,6 lv20
!give 90534 10002 501054,1 501064,1 501244,1 501024,6 lv20

Ocean Hued Clam (Full HP With Hydro Goblet 4 Kokomi)
!give 96544 10001 501054,1 501064,1 501244,1 501034,6 lv20
!give 96524 10003 501064,1 501244,1 501024,1 501034,6 lv20
!give 96554 10002 501054,1 501064,1 501244,1 501024,6 lv20
!give 96514 15011 501054,1 501064,1 501244,1 501034,6 lv20
!give 96534 10002 501054,1 501064,1 501244,1 501024,6 lv20

Nobless Set (Atk Pyro Crit)
!give 24674 10001 501054,1 501064,1 501204,1 501224,6 lv20
!give 24672 10003 501064,1 501244,1 501204,1 501224,6 lv20
!give 24675 10004 501054,1 501244,1 501204,1 501224,6 lv20
!give 24671 15008 501054,1 501064,1 501204,1 501224,6 lv20
!give 24673 30950 501054,1 501064,1 501244,1 501204,6 lv20
!give 24673 30960 501054,1 501064,1 501244,1 501224,6 lv20

!give 24674 10001 501054,1 501064,1 501204,6 501224,1 lv20
!give 24672 10003 501064,1 501244,1 501204,6 501224,1 lv20
!give 24675 10004 501054,1 501244,1 501204,6 501224,1 lv20
!give 24671 15008 501054,1 501064,1 501204,6 501224,1 lv20


Crimson Witch Set (Atk Pyro Crit)
!give 80544 10001 501244,1 501064,1 501204,1 501224,6 lv20
!give 80524 10003 501064,1 501244,1 501204,1 501224,6 lv20
!give 80554 10004 501054,1 501244,1 501204,1 501224,6 lv20
!give 80514 15008 501244,1 501064,1 501204,1 501224,6 lv20
!give 80534 30950 501054,1 501064,1 501244,1 501204,6 lv20
!give 80534 30960 501054,1 501064,1 501244,1 501224,6 lv20

!give 80544 10001 501244,1 501064,1 501204,6 501224,1 lv20
!give 80524 10003 501064,1 501244,1 501204,6 501224,1 lv20
!give 80554 10004 501054,1 501244,1 501204,6 501224,1 lv20
!give 80514 15008 501244,1 501064,1 501204,6 501224,1 lv20

Crimson Witch Set (HP Pyro Crit)
!give 80544 lv20 10001 501244,1 501034,1 501204,1 501224,6 
!give 80524 lv20 10003 501244,1 501034,1 501204,1 501224,6 
!give 80554 lv20 15002 501244,1 501064,1 501204,1 501224,6 
!give 80514 lv20 15008 501244,1 501034,1 501204,1 501224,6 
!give 80534 lv20 30950 501244,1 501034,1 501064,1 501204,6 
!give 80534 lv20 30960 501244,1 501034,1 501064,1 501224,6

!give 80544 lv20 10001 501244,1 501034,1 501204,6 501224,1 
!give 80524 lv20 10003 501244,1 501034,1 501204,6 501224,1 
!give 80554 lv20 15002 501244,1 501064,1 501204,6 501224,1 
!give 80514 lv20 15008 501244,1 501034,1 501204,6 501224,1 

Shimenawa Set (Atk Cryo Crit)
!give 23564 10001 501054,1 501064,1 501204,1 501224,6 lv20
!give 23562 10003 501064,1 501244,1 501204,1 501224,6 lv20
!give 23565 10004 501054,1 501244,1 501204,1 501224,6 lv20
!give 23561 15010 501054,1 501064,1 501204,1 501224,6 lv20
!give 23563 30950 501054,1 501064,1 501244,1 501204,6 lv20
!give 23563 30960 501054,1 501064,1 501244,1 501224,6 lv20

!give 23564 10001 501054,1 501064,1 501204,6 501224,1 lv20
!give 23562 10003 501064,1 501244,1 501204,6 501224,1 lv20
!give 23565 10004 501054,1 501244,1 501204,6 501224,1 lv20
!give 23561 15010 501054,1 501064,1 501204,6 501224,1 lv20

Gladiator's Finale (Atk Phys Crit) (phys goblet is meant to be replaced)
!give 75544 10001 501054,1 501064,1 501204,1 501224,6 lv20
!give 75524 10003 501064,1 501244,1 501204,1 501224,6 lv20
!give 75554 10004 501054,1 501244,1 501204,1 501224,6 lv20
!give 75514 15015 501054,1 501064,1 501204,1 501224,6 lv20
!give 75534 30950 501054,1 501064,1 501244,1 501204,6 lv20
!give 75534 30960 501054,1 501064,1 501244,1 501224,6 lv20

!give 75544 10001 501054,1 501064,1 501204,6 501224,1 lv20
!give 75524 10003 501064,1 501244,1 501204,6 501224,1 lv20
!give 75554 10004 501054,1 501244,1 501204,6 501224,1 lv20
!give 75514 15015 501054,1 501064,1 501204,6 501224,1 lv20

Wanderer's Troupe (Atk Phys Crit) (phys goblet is meant to be replaced)
!give 77544 10001 501054,1 501064,1 501204,1 501224,6 lv20
!give 77524 10003 501064,1 501244,1 501204,1 501224,6 lv20
!give 77554 10008 501054,1 501244,1 501204,1 501224,6 lv20
!give 77514 15015 501054,1 501064,1 501204,1 501224,6 lv20
!give 77534 30950 501054,1 501064,1 501244,1 501204,6 lv20
!give 77534 30960 501054,1 501064,1 501244,1 501224,6 lv20

!give 77544 10001 501054,1 501064,1 501204,6 501224,1 lv20
!give 77524 10003 501064,1 501244,1 501204,6 501224,1 lv20
!give 77554 10004 501054,1 501244,1 501204,6 501224,1 lv20
!give 77514 15015 501054,1 501064,1 501204,6 501224,1 lv20

Wanderer's Troupe (EM Dendro Crit)
!give 77544 10001 501054,1 501064,1 501204,1 501224,6 lv20
!give 77524 10003 501064,1 501244,1 501204,1 501224,6 lv20
!give 77554 10004 501054,1 501244,1 501204,1 501224,6 lv20
!give 77514 15015 501054,1 501064,1 501204,1 501224,6 lv20
!give 77534 30950 501054,1 501064,1 501244,1 501204,6 lv20
!give 77534 30960 501054,1 501064,1 501244,1 501224,6 lv20

!give 77544 10001 501054,1 501064,1 501204,6 501224,1 lv20
!give 77524 10003 501064,1 501244,1 501204,6 501224,1 lv20
!give 77554 10004 501054,1 501244,1 501204,6 501224,1 lv20
!give 77514 15015 501054,1 501064,1 501204,6 501224,1 lv20


Wanderer's Troupe (Full EM)
!give 77544 10001 501034,6 501024,1 501204,1 501224,1 lv20 
!give 77524 10003 501034,6 501024,1 501204,1 501224,1 lv20 
!give 77554 10008 501054,1 501024,6 501204,1 501224,1 lv20
!give 77514 10008 501054,1 501024,6 501204,1 501224,1 lv20
!give 77534 10008 501054,1 501024,6 501204,1 501224,1 lv20

Lavawalker Set (Atk Pyro Crit)
!give 73544 10001 501054,1 501064,1 501204,1 501224,6 lv20
!give 73524 10003 501064,1 501244,1 501204,1 501224,6 lv20
!give 73554 10004 501054,1 501244,1 501204,1 501224,6 lv20
!give 73514 15008 501054,1 501064,1 501204,1 501224,6 lv20
!give 73534 30950 501054,1 501064,1 501244,1 501204,6 lv20
!give 73534 30960 501054,1 501064,1 501244,1 501204,6 lv20

!give 73544 10001 501054,1 501064,1 501204,6 501224,1 lv20
!give 73524 10003 501064,1 501244,1 501204,6 501224,1 lv20
!give 73554 10004 501054,1 501244,1 501204,6 501224,1 lv20
!give 73514 15008 501054,1 501064,1 501204,6 501224,1 lv20

Archaic Petra (Atk Geo Crit)
!give 88544 10001 501054,1 501064,1 501204,1 501224,6 lv20
!give 88524 10003 501064,1 501244,1 501204,1 501224,6 lv20
!give 88554 10004 501054,1 501244,1 501204,1 501224,6 lv20
!give 88514 15013 501054,1 501064,1 501204,1 501224,6 lv20
!give 88534 30950 501054,1 501064,1 501204,1 501224,6 lv20
!give 88534 30960 501054,1 501064,1 501204,1 501224,6 lv20

!give 88544 10001 501054,1 501064,1 501204,6 501224,1 lv20
!give 88524 10003 501064,1 501244,1 501204,6 501224,1 lv20
!give 88554 10004 501054,1 501244,1 501204,6 501224,1 lv20
!give 88514 15013 501054,1 501064,1 501204,6 501224,1 lv20

Shimenawa 2pc /Gladiator 2pc (Full ATK)
!give 93544 10001 501054,1 501064,1 501204,1 501224,6 lv20
!give 93524 10003 501064,1 501244,1 501204,1 501224,6 lv20
!give 24765 10004 501054,1 501244,1 501204,1 501224,6 lv20
!give 24761 10004 501054,1 501244,1 501204,1 501224,6 lv20
!give 24763 10004 501054,1 501244,1 501204,1 501224,6 lv20

!give 93544 10001 501054,1 501064,1 501204,6 501224,1 lv20
!give 93524 10003 501064,1 501244,1 501204,6 501224,1 lv20
!give 24765 10004 501054,1 501244,1 501204,6 501224,1 lv20
!give 24761 10004 501054,1 501244,1 501204,6 501224,1 lv20
!give 24763 10004 501054,1 501244,1 501204,6 501224,1 lv20

Gilded Dreams (EM Dendro Crit)
/give 21544 lv20 10001 501064 501244 501204 501224,6
/give 21524 lv20 10004 501064 501244 501204 501224,6
/give 21554 lv20 10008 501064 501234 501204 501224,6
/give 21514 lv20 15014 501064 501244 501204 501224,6
/give 21534 lv20 13008 501064 501244 501234 501204,6

/give 21544 lv20 10001 501064 501244 501204,6 501224
/give 21524 lv20 10004 501064 501244 501204,6 501224
/give 21554 lv20 10008 501064 501234 501204,6 501224
/give 21514 lv20 15014 501064 501244 501204,6 501224
/give 21534 lv20 13007 501064 501244 501234,6 501224

Deepwood Memories (EM Dendro Crit)
/give 20544 lv20 10001 501064 501244 501204 501224,6
/give 20524 lv20 10004 501064 501244 501204 501224,6
/give 20554 lv20 10008 501064 501234 501204 501224,6
/give 20514 lv20 15014 501064 501244 501204 501224,6
/give 20534 lv20 13008 501064 501244 501234 501204,6

/give 20544 lv20 10001 501064 501244 501204,6 501224
/give 20524 lv20 10004 501064 501244 501204,6 501224
/give 20554 lv20 10008 501064 501234 501204,6 501224
/give 20514 lv20 15014 501064 501244 501204,6 501224
/give 20534 lv20 13007 501064 501244 501234,6 501224

Deepwood Memories (EM/Support)
!give 20544 10001 501064,1 501244,6 501204,1 501224,1 lv20
!give 20524 10003 501064,1 501244,6 501204,1 501224,1 lv20
!give 20554 10008 501054,1 501064,1 501204,6 501224,1 lv20
!give 20514 10008 501054,1 501064,1 501204,6 501224,1 lv20
!give 20534 10008 501054,1 501064,1 501204,6 501224,1 lv20

!give 20544 10001 501064,1 501244,6 501204,1 501224,1 lv20
!give 20524 10003 501064,1 501244,6 501204,1 501224,1 lv20
!give 20554 10008 501054,1 501064,1 501204,1 501224,6 lv20
!give 20514 10008 501054,1 501064,1 501204,1 501224,6 lv20
!give 20534 10008 501054,1 501064,1 501204,1 501224,6 lv20

Gilded Dreams (EM/Support)
!give 21544 10001 501064,1 501244,6 501204,1 501224,1 lv20
!give 21524 10003 501064,1 501244,6 501204,1 501224,1 lv20
!give 21554 10008 501054,1 501064,1 501204,6 501224,1 lv20
!give 21514 10008 501054,1 501064,1 501204,6 501224,1 lv20
!give 21534 10008 501054,1 501064,1 501204,6 501224,1 lv20

!give 79544 10001 501064,1 501244,6 501204,1 501224,1 lv20
!give 79524 10003 501064,1 501244,6 501204,1 501224,1 lv20
!give 79554 10008 501054,1 501064,1 501204,1 501224,6 lv20
!give 79514 10008 501054,1 501064,1 501204,1 501224,6 lv20
!give 79534 10008 501054,1 501064,1 501204,1 501224,6 lv20

Gilded Dreams (HP Hydro Crit)
!give 21544 10001 501244,1 501034,1 501204,1 501224,6 lv20
!give 21524 10003 501024,1 501034,1 501204,1 501224,6 lv20
!give 21554 10002 501024,1 501244,1 501204,1 501224,6 lv20
!give 21514 15011 501024,1 501034,1 501204,1 501224,6 lv20
!give 21534 30950 501024,1 501034,1 501244,1 501204,6 lv20
!give 21534 30960 501024,1 501034,1 501244,1 501224,6 lv20

!give 21544 10001 501244,1 501034,1 501204,6 501224,1 lv20
!give 21524 10003 501024,1 501034,1 501204,6 501224,1 lv20
!give 21554 10002 501024,1 501244,1 501204,6 501224,1 lv20
!give 21514 15011 501024,1 501034,1 501204,6 501224,1 lv20
